训练设置
Epochs: 12/12
Best Validation Macro F1: 0.8741
Max Len: 512
Model Input Len: 256
Embedding Dim: 128
Hidden Dim: 256
Model: Embedding mean/max pooling + MLP

最终测试结果
Accuracy: 0.8976
Macro Precision: 0.8720
Macro Recall: 0.8784
Macro F1: 0.8746
ABS-SUM: 13112.6052
Mean ABS-SUM: 0.327815

分类报告
              precision    recall  f1-score   support

           0     0.9264    0.8720    0.8984      7784
           1     0.9044    0.9114    0.9079      7389
           2     0.9798    0.9714    0.9756      6285
           3     0.9144    0.9288    0.9216      4427
           4     0.8322    0.8821    0.8565      3003
           5     0.8125    0.8626    0.8368      2446
           6     0.9122    0.8953    0.9037      1997
           7     0.7959    0.7986    0.7973      1768
           8     0.8344    0.8738    0.8537      1569
           9     0.8143    0.8912    0.8510      1176
          10     0.8647    0.7927    0.8271       984
          11     0.8555    0.8323    0.8437       626
          12     0.9195    0.8791    0.8989       364
          13     0.8418    0.9066    0.8730       182

    accuracy                         0.8976     40000
   macro avg     0.8720    0.8784    0.8746     40000
weighted avg     0.8989    0.8976    0.8978     40000


混淆矩阵
[[6788  263   14   81  161  141   37   36   67  163   11   16    3    3]
 [ 157 6734    4   14  133   11    5  266   22    5   36    2    0    0]
 [  14   10 6105   62   31   18    5    2    6   14    2    3   13    0]
 [  47    9   29 4112   29  105   13    3   17   24    8   26    1    4]
 [  57   81   15   46 2649   69   30   17   11    5   13    7    2    1]
 [  56    3   14   62   84 2110   63   12   14    4   13    5    6    0]
 [  17   13    8    9   45   72 1788    4   16    5    4    5    0   11]
 [  26  247    2    4   16   22    2 1412   13    3   18    1    2    0]
 [  52   16    6   49    8   12    5    9 1371    8   16   14    0    3]
 [  88    5    2   13    4    7    2    1    3 1048    1    1    0    1]
 [  13   62    4    8   15   18    5   12   64    1  780    0    1    1]
 [  11    1    2   34    6    4    3    0   32    6    0  521    0    6]
 [   1    2   25    2    2    8    0    0    0    1    0    2  320    1]
 [   0    0    1    1    0    0    2    0    7    0    0    6    0  165]]
